				"MARTAPURA;25550;24108;49658;105.981416957027;12183;25767;24328;50095;105.914995067412;12297;26065;24619;50684;105.873512327877;12670;26352;24900;51252;105.831325301205;12760;26645;25173;51818;105.847535057403;12901",
				"BUNGA MAYANG;8323;7936;16259;104.876512096774;4033;8432;8049;16481;104.758355075165;4071;8533;8145;16678;104.763658686311;4194;8626;8238;16864;104.709881039087;4245;8723;8328;17051;104.743035542747;4292",
				"JAYAPURA;6414;5587;12001;114.802219437981;3153;6465;5638;12103;114.668322100035;3182;6542;5707;12249;114.631154722271;3278;6614;5772;12386;114.587664587665;3302;6688;5836;12524;114.599040438657;3339",
				"BP PELIUNG;16654;15882;32536;104.860848759602;8303;16781;16012;32793;104.80264801399;8381;16975;16204;33179;104.758084423599;8636;17162;16389;33551;104.71657819269;8753;17353;16568;33921;104.738049251569;8850",
				"BUAY MADANG;18556;18149;36705;102.242547798777;9236;18767;18366;37133;102.183382336927;9322;18987;18588;37575;102.146546158812;9605;19196;18799;37995;102.111814458216;9702;19410;19005;38415;102.131018153118;9810",
				"BUAY MADANG TIMUR;27710;27282;54992;101.568799941353;1413;28017;27600;55617;101.510869565217;14264;28343;27929;56272;101.482330194422;14697;28656;28248;56904;101.444350042481;14839;29213;28768;57981;101.546857619577;15121",
				"BP BANGSA RAJA;5861;5539;11400;105.81332370464;3015;5910;5592;11502;105.68669527897;3043;5981;5658;11639;105.708731000353;3135;6046;5723;11769;105.643893063079;3159;6114;5786;11900;105.66885585897;3193",
				"MS II;14882;14590;29472;102.001370801919;7256;14982;14697;29679;101.939171259441;7324;15156;14873;30029;101.902776843945;7546;15323;15042;30365;101.868102645925;7586;15493;15207;30700;101.880712829618;7670",
				"MS III;12625;11879;24504;106.27998989814;6243;12686;11944;24630;106.212324179504;6301;12833;12088;24921;106.163136995367;6492;12974;12224;25198;106.135471204188;6764;13119;12359;25478;106.149364835343;6839",
				"MS I;18175;16842;35017;107.914736967106;8681;18365;17030;35395;107.839107457428;8762;18580;17236;35816;107.797632861453;9028;18785;17432;36217;107.761587884351;9111;18994;17623;36617;107.779606196448;9212",
				"BMR;21394;20665;42059;103.527703847084;1084;21607;20884;42491;103.461980463513;10941;21859;21135;42994;103.425597350367;11273;22100;21376;43476;103.386976047904;11691;22346;21610;43956;103.405830633966;11820",
				"BELITANG;26432;25680;52112;102.928348909657;13209;26649;25908;52557;102.860120426123;13332;26960;26218;53178;102.830116713708;13737;27256;26516;53772;102.790767838286;13834;27322;26595;53917;102.733596540703;13866",
				"BELITANG JAYA;9685;9069;18754;106.792369610762;4949;9779;9163;18942;106.72268907563;4995;9892;9273;19165;106.675293863906;5147;10001;9379;19380;106.631837082845;5190;10113;9481;19594;106.665963505959;5248",
				"BELITANG III;17321;16703;34024;103.699934143567;8973;17448;16836;34284;103.635067712046;9057;17652;17040;34692;103.591549295775;9332;17845;17234;35079;103.545317395845;9388;18045;17422;35467;103.575938468603;9492",
				"BELITANG II;20901;20086;40987;104.057552524146;10402;21084;20273;41357;104.000394613525;10499;21329;20517;41846;103.957693619925;10818;21563;20751;42314;103.91306443063;10898;21803;20978;42781;103.932691390981;11018",
				"BELITANG MULYA;10306;10110;20416;101.938674579624;4980;10426;10233;20659;101.886054920356;5027;10546;10356;20902;101.834685206643;5180;10662;10474;21136;101.794920756158;5231;10780;10589;21369;101.803758617433;5289",
				"SEMENDAWAI SUKU III;19426;18581;38007;104.547656207954;9665;19587;18748;38335;104.475144015362;9755;19816;18972;38788;104.448661184904;10051;20035;19188;39223;104.414217219095;10122;20258;19398;39656;104.433446747087;10234",
				"SEMENDAWAI TIMUR;17395;16274;33669;106.888288066855;8423;17572;16449;34021;106.827162745456;8502;17775;16645;34420;106.788825473115;8760;17971;16835;34806;106.747846747847;8745;18171;17019;35190;106.768905341089;8842",
				"CEMPAKA;13492;12641;26133;106.73206233684;5784;13568;12720;26288;106.666666666667;5838;13726;12872;26598;106.634555624612;6015;13877;13019;26896;106.590367923804;6040;14031;13161;27192;106.610439936175;6107",
				"SEMENDAWAI BARAT;10202;9920;20122;102.842741935484;4393;10308;10030;20338;102.771684945165;4434;10430;10151;20581;102.748497684957;4569;10545;10266;20811;102.717708942139;4611;10662;10379;21041;102.726659601118;4661",
				"OKU TIMUR;321304;307523;628827;104.481290830279;157851;324200;310500;634700;104.412238325282;159325;327980;314226;642206;104.377104377104;164163;331589;317805;649394;104.337250829911;165971;335283;321285;656568;104.356879406135;167804"